INFO:root:CFG(log_name='Control', use_DNP=False, reuse_level=0, num_samples=15, deltas=[1, 2, 3])
INFO:root:Model loaded
INFO:root:Accuracy of the model : 60%
INFO:root:
INFO:root:[[0.84810127 0.70454545 0.63768116 0.56      ]
 [0.81012658 0.65909091 0.62318841 0.52      ]
 [0.59493671 0.72727273 0.23188406 0.08      ]
 [0.81012658 0.70454545 0.79710145 0.72      ]
 [0.73417722 0.90909091 0.17391304 0.08      ]
 [0.84810127 0.75       0.82608696 0.84      ]
 [0.87341772 0.70454545 0.71014493 0.6       ]
 [0.62025316 0.68181818 0.20289855 0.08      ]
 [0.6835443  0.77272727 0.24637681 0.08      ]
 [0.84810127 0.75       0.82608696 0.84      ]
 [0.84810127 0.70454545 0.63768116 0.56      ]
 [0.64556962 0.86363636 0.23188406 0.08      ]
 [0.72151899 0.59090909 0.50724638 0.4       ]
 [0.7721519  0.68181818 0.71014493 0.72      ]
 [0.65822785 0.79545455 0.2173913  0.08      ]]
INFO:root:Completed for delta = 1, sample = 0 in 3.200054168701172 sec as unknown
